00 FE
00 04 
00 00 00 01 
00 00 00 00 

01 00 
00 04 
00 00 00 01 
00 00 0C D0 

01 01 
00 04 
00 00 00 01 
00 00 08 68 

01 02 
00 03
00 00 00 01 
00 08 
00 00 

01 06 
00 03
00 00 00 01 
00 01 = 白モードモノクロ（白=2BitsPerSample-1、黒=0）
00 00 

01 0E 
00 02
00 00 00 18 
00 00 00 AA 

01 11 StripOffset
00 04 
00 00 00 01 
00 00 00 D2 

01 15 
00 03 
00 00 00 01 
00 01 00 00

01 16 
00 03 
00 00 00 01 
08 68 00 00 

01 17 
00 04 
00 00 00 01 
00 6B B4 80 

01 1A 
00 05 
00 00 00 01 
00 00 00 C2 

01 1B 
00 05 
00 00 00 01 
00 00 00 CA 

01 28 
00 03 
00 00 00 01 
00 02 00 00 

00 00 00 00 49 6D 61 67 65 4A 3D 31 2E 35 31 6E 0A 75 6E 69 74 3D 69 6E 63 68 0A 00 1E FE 92 00 00 0F 42 40 1E FE 92 00 00 0F 42 40 05 05 05 03 03 03 03 03 03 02 03 02 03 03 04 04 05 04 05 03 04 03 03 03 03 02 03 02 02 02 02 02 01 01