0E 00 

00 01
03 00
01 00 00 00
A4 0C (= 3,236 pixels)
00 00

01 01
03 00
01 00 00 00
4C 08 (= 2,124 pixels)
00 00

02 01
03 00
03 00 00 00
C6 A2 3A 01 (= 08 00 08 00 08 00)

03 01
03 00
01 00 00 00
01 00
00 00

06 01
03 00
01 00 00 00
02 00
00 00

11 01
04 00
01 00 00 00
08 00 00 00

12 01
03 00
01 00 00 00
01 00
00 00

15 01
03 00
01 00 00 00
03 00
00 00

16 01
03 00
01 00 00 00
4C 08
00 00

17 01
04 00
01 00 00 00
10 A2 3A 01 (= 20,619,792 bytes)

1A 01
05 00
01 00 00 00
CC A2 3A 01 (= 00 00 00 19 00 00 20 00 = 200 ppi)

1B 01
05 00
01 00 00 00
D4 A2 3A 01 (= 00 00 00 19 00 00 20 00 = 200 ppi)

1C 01
03 00
01 00 00 00
01 00
00 00

28 01
03 00
01 00 00 00
02 00
00 00

00 00 00 00 

08 00 08 00 08 00 

00 00 00